1 4.672727 48.415585
2 3.8207793 43.064934
3 4.579221 44.51948
4 5.290909 41.94805
5 4.784416 42.727272
6 4.077922 43.623375
7 5.828572 43.974026
8 5.462338 44.48052
9 4.885715 46.584415
10 4.8311687 44.77922
11 6.574026 38.077923
12 4.919481 39.766235
13 5.1584415 40.857143
14 5.6597385 43.61039
15 4.8649354 44.57143
16 5.1038966 40.246754
17 4.8129873 43.766235
18 5.4805193 44.42857
19 5.5870123 42.20779
20 4.5974016 43.55844
21 4.412987 41.727272
22 5.6675324 35.311687
23 5.109091 42.363636
24 5.70909 37.194805
25 6.093507 39.896103
26 4.348052 44.974026
27 5.9688306 41.38961
28 5.2389607 42.844154
29 4.7350645 44.42857
30 3.9376621 43.298702
31 4.2727275 44.96104
32 4.8467526 38.532467
33 4.8831167 41.96104
34 5.1974025 41.025974
35 4.272727 42.0
36 4.92987 42.415585
37 5.046754 42.025974
38 4.251948 43.61039
39 4.5999994 37.155846
40 4.594805 41.493507
41 4.714286 44.467533
42 4.774026 43.142857
43 5.5636353 45.16883
44 5.267533 38.935066
45 4.9922085 39.87013
46 5.1454535 39.272728
47 5.163636 45.974026
48 4.8883114 45.18182
49 5.2337656 45.57143
50 4.6129866 44.753246
51 4.5610385 44.584415
52 4.9714284 41.116882
53 4.4181814 45.38961
54 4.8 39.701298
55 3.6805193 44.766235
56 4.2623377 45.987015
57 4.031169 45.48052
58 5.6000004 37.909092
59 5.4597406 46.090908
60 5.244156 42.896103
61 4.5480523 42.311687
62 3.9376626 42.844154
63 5.576624 47.233765
64 4.994806 41.51948
65 5.181818 38.714287
66 5.18961 36.805195
67 5.6025977 46.22078
68 4.2987003 47.194805
69 6.059741 43.675323
70 5.306494 43.96104
71 4.231169 45.233765
72 5.174026 45.532467
73 4.8987007 43.61039
74 4.537662 42.311687
75 4.5636353 47.415585
76 5.2883124 40.298702
77 4.6883116 40.25974
78 4.7246757 41.96104
79 5.046754 44.623375
80 5.3168836 41.324677
81 4.5194798 44.22078
82 4.890909 46.64935
83 5.688311 38.285713
84 5.093507 39.766235
85 6.335065 39.584415
86 5.2935066 48.402596
87 5.688311 44.376625
88 3.9402602 44.363636
89 5.000001 38.584415
90 5.012987 46.61039
91 4.8181815 40.987015
92 4.511688 39.64935
93 4.7896104 45.66234
94 5.457143 46.116882
95 4.516883 49.22078
96 4.8467536 44.233765
97 4.574025 47.33766
98 4.753247 44.025974
99 4.402597 40.987015
100 4.9584413 42.03896
101 4.15065 46.25974
102 4.007792 48.155846
103 5.051948 42.935066
104 5.4623375 39.363636
105 5.0597405 41.03896
106 5.7844157 44.272728
107 5.4935055 39.532467
108 5.436363 42.96104
109 4.774026 42.05195
110 5.6233764 43.974026
111 4.8181825 38.48052
112 5.7298694 40.324677
113 4.4779224 41.311687
114 5.2519474 40.38961
115 4.688311 46.233765
116 5.0649343 47.896103
117 4.924675 42.55844
118 5.6727285 39.38961
119 3.771428 43.74026
120 4.272728 45.896103
121 4.6545453 48.05195
122 5.028571 40.415585
123 4.025974 44.636364
124 5.2545447 43.51948
125 3.8467534 41.623375
126 4.63117 45.844154
127 5.5766234 42.688313
128 4.631169 41.857143
129 4.903897 45.727272
130 5.5766234 44.51948
131 4.994805 42.454544
132 5.280519 41.493507
133 5.4857144 43.883118
134 5.516883 38.545456
135 5.602597 42.285713
136 4.0181823 43.74026
137 5.0025973 42.987015
138 4.1662335 45.16883
139 5.264936 44.44156
140 5.4155836 37.545456
141 4.7220774 40.96104
142 5.1038966 41.246754
143 4.0415583 46.0
144 5.155845 41.298702
145 4.8103886 44.623375
146 4.8441553 42.896103
147 5.135065 41.57143
148 4.3818183 47.753246
149 5.309091 46.636364
150 4.683117 46.33766
151 4.953246 41.077923
152 5.135065 37.33766
153 4.529871 43.51948
154 5.4389615 38.545456
155 5.58961 44.805195
156 4.7844152 43.20779
157 4.8441563 44.87013
158 4.5324674 42.116882
159 5.5142856 37.415585
160 4.506494 43.48052
161 5.1168833 37.623375
162 4.9428563 44.0
163 5.9428573 42.766235
164 4.633766 45.12987
165 4.316883 49.103897
166 4.0701294 45.35065
167 4.5324674 44.064934
168 4.8623385 43.922077
169 3.9766235 43.636364
170 4.3766236 41.0
171 5.166233 38.74026
172 5.0155835 45.922077
173 4.6831164 40.714287
174 4.353246 41.61039
175 4.58961 41.415585
176 5.0103908 41.05195
177 5.015584 42.51948
178 5.3636365 38.38961
179 5.1168833 39.012985
180 5.4207783 38.012985
181 5.3168836 39.987015
182 4.846753 42.077923
183 4.3506484 42.38961
184 5.472728 41.38961
185 5.4285717 41.844154
186 4.9298697 46.688313
187 4.202597 45.77922
188 5.0909095 48.324677
189 4.7974024 46.233765
190 6.023376 40.857143
191 5.25974 40.38961
192 5.0623374 41.376625
193 4.7480516 43.077923
194 5.1584415 44.18182
195 4.17922 41.16883
196 5.0545454 41.77922
197 5.3090906 39.714287
198 5.2155843 40.33766
199 4.5532465 41.974026
200 4.348052 45.987015
201 4.2675323 42.33766
202 5.0207787 41.064934
203 5.8155847 42.415585
204 5.08052 40.81818
205 5.2623377 41.597404
206 4.5974026 41.584415
207 5.218182 37.33766
208 4.7090898 40.636364
209 5.5792212 40.142857
210 5.3740263 42.467533
211 4.748051 37.402596
212 4.984416 38.16883
213 5.085715 42.246754
214 5.0883126 39.402596
215 4.553247 40.16883
216 5.2337656 41.766235
217 4.6363635 45.077923
218 5.15065 41.05195
219 4.088311 41.116882
220 4.953248 41.87013
221 4.8545456 39.636364
222 5.2519474 42.727272
223 5.150649 43.20779
224 5.971429 41.727272
225 4.246753 40.415585
226 4.2727275 44.688313
227 5.5454545 44.272728
228 5.0077925 42.935066
229 4.8337665 39.57143
230 5.24935 44.77922
231 5.6649356 43.584415
232 5.324676 41.090908
233 5.1584415 41.42857
234 5.641559 38.376625
235 5.506493 38.675323
236 6.1532474 38.909092
237 4.0701294 44.090908
238 4.974026 46.025974
239 4.644155 46.922077
240 5.7844152 47.77922
241 5.0259748 44.03896
242 4.5740266 46.103897
243 5.023377 43.44156
244 4.272727 42.87013
245 4.735065 43.909092
246 4.441558 39.22078
247 5.9376626 45.766235
248 5.58961 43.0
249 5.2675323 39.116882
250 3.9038959 49.05195
251 4.8519483 42.545456
252 5.6000004 41.35065
253 5.1272717 41.467533
254 4.820779 45.142857
255 4.955845 46.74026
256 5.3714294 37.545456
257 4.0571437 43.96104
258 4.6701293 43.55844
259 4.493506 44.753246
260 4.7922072 48.83117
261 4.737663 46.545456
262 4.6129866 43.922077
263 4.6181817 42.727272
264 5.451948 38.20779
265 5.4805202 41.701298
266 4.802597 41.57143
267 4.911688 41.506493
268 4.6909084 42.805195
269 4.3974032 41.35065
270 5.376623 39.857143
271 4.942857 43.05195
272 4.8519473 42.51948
273 4.8597403 41.51948
274 5.7662344 44.298702
275 6.054545 44.03896
276 4.602598 43.20779
277 4.3194804 41.012985
278 4.488312 46.376625
279 5.064935 43.0
280 4.555844 42.376625
281 5.2935066 42.96104
282 4.41039 43.03896
283 5.6805196 41.155846
284 4.880519 42.675323
285 5.1922073 42.33766
286 4.8675323 41.246754
287 4.5818186 38.727272
288 4.716882 43.0
289 5.9792204 41.18182
290 4.618182 48.55844
291 4.9272733 40.64935
292 5.849351 50.116882
293 5.470131 39.103897
294 4.5194807 49.12987
295 4.8025966 44.55844
296 4.387013 40.03896
297 3.9194808 45.61039
298 5.101299 42.025974
299 4.4103894 41.675323
300 4.818182 43.636364
301 4.825974 39.77922
302 4.576624 41.935066
303 5.399999 43.844154
304 5.3818183 41.66234
305 4.574026 44.64935
306 4.4051948 40.935066
307 4.6779227 42.935066
308 4.174026 46.623375
309 5.3142853 39.103897
310 5.4025965 43.493507
311 5.236364 40.03896
312 4.5766234 46.16883
313 4.667532 42.12987
314 5.410389 38.623375
315 4.84935 41.935066
316 5.236363 39.714287
317 4.368832 41.012985
318 4.2077923 41.636364
319 5.966234 39.142857
320 4.7376623 46.376625
321 4.376623 47.116882
322 4.9506497 44.376625
323 3.922078 50.766235
324 4.0077925 47.805195
325 3.6441555 44.987015
326 5.3792195 37.74026
327 4.984415 40.22078
328 5.4701295 41.636364
329 5.948052 33.454544
330 4.3064938 38.844154
331 5.345454 40.077923
332 5.1376615 42.896103
333 4.389611 41.012985
334 5.1688313 44.077923
335 4.4493504 45.155846
336 5.0727267 42.896103
337 4.5896106 44.51948
338 4.724675 40.090908
339 5.527273 41.766235
340 3.867532 45.012985
341 5.431168 44.584415
342 4.0753245 42.20779
343 5.883116 36.16883
344 4.696103 38.324677
345 4.8805203 39.298702
346 4.2389607 43.96104
347 4.384416 40.506493
348 5.0493507 39.298702
349 4.787013 42.44156
350 5.015585 41.311687
351 5.259741 44.376625
352 5.093507 41.233765
353 4.384416 41.48052
354 5.4779224 40.51948
355 4.864935 42.66234
356 5.7714286 43.64935
357 3.6259737 46.025974
358 4.0909085 45.155846
359 5.2675323 42.935066
360 6.1168833 41.415585
361 5.9428573 39.05195
362 4.823377 46.42857
363 3.5506496 46.454544
364 5.062338 41.844154
365 4.7688313 41.727272
366 5.1246743 42.74026
367 4.7116885 43.415585
368 4.399999 42.077923
369 4.9402595 41.142857
370 4.5740256 40.55844
371 4.431169 42.402596
372 3.7454545 44.415585
373 4.7142863 41.402596
374 4.163636 46.311687
375 4.6207795 42.57143
376 5.8935065 38.55844
377 4.397403 44.79221
378 4.5116878 44.81818
379 4.7402596 46.55844
380 4.7454543 40.636364
381 5.4701295 39.077923
382 4.968831 40.857143
383 4.236364 44.363636
384 4.5662336 43.896103
385 4.992208 41.35065
386 5.342857 41.44156
387 4.098701 44.714287
388 4.6727276 44.233765
389 5.085715 43.03896
390 5.553247 39.35065
391 4.797402 43.545456
392 5.7506485 41.94805
393 5.3350654 44.51948
394 5.015584 43.636364
395 4.3922086 45.246754
396 5.096104 48.701298
397 5.290909 41.415585
398 4.161039 46.51948
399 4.948053 40.402596
400 5.0285716 44.0
401 4.7792206 39.155846
402 5.444155 41.883118
403 5.015584 46.025974
404 4.516883 44.298702
405 5.098702 42.415585
406 5.4051948 48.766235
407 4.5818186 42.844154
408 5.864935 41.246754
409 5.179221 44.272728
410 5.277922 46.935066
411 5.358442 38.467533
412 5.597403 40.35065
413 4.067532 47.311687
414 4.906493 43.51948
415 4.620779 45.090908
416 5.3818183 41.33766
417 4.646753 45.714287
418 5.548052 41.402596
419 3.8909087 42.233765
420 4.358442 45.493507
421 4.410388 47.584415
422 5.0285716 46.155846
423 4.3506494 45.57143
424 5.223377 41.467533
425 4.537662 42.12987
426 4.6961045 44.48052
427 5.7064934 40.493507
428 4.6909084 42.493507
429 4.64935 43.727272
430 4.8155837 40.415585
431 4.9194803 39.987015
432 5.9350653 40.87013
433 4.981819 41.987015
434 4.244155 44.42857
435 4.797402 44.701298
436 5.122077 42.883118
437 4.407792 40.38961
438 5.3740263 42.363636
439 5.122078 40.103897
440 5.161039 44.77922
441 4.755844 41.311687
442 4.9870124 43.467533
443 5.0831165 46.324677
444 5.753246 41.87013
445 4.4493513 42.545456
446 4.470131 42.506493
447 4.348052 45.77922
448 5.161038 43.57143
449 5.0077925 44.545456
450 4.672727 45.57143
451 4.3454547 49.077923
452 5.116883 46.701298
453 3.9116893 44.402596
454 4.083117 45.0
455 5.3012996 41.636364
456 4.1220784 46.87013
457 4.8077917 40.766235
458 5.5558453 41.285713
459 4.8519487 45.285713
460 5.5168834 42.467533
461 4.6129866 40.285713
462 5.075325 42.96104
463 4.4649353 42.05195
464 4.8597407 45.675323
465 4.8363633 42.363636
466 4.592208 43.025974
467 4.516883 42.298702
468 4.5142856 44.402596
469 5.0545454 44.16883
470 5.3740263 39.363636
471 5.0623374 39.64935
472 4.8779216 49.454544
473 3.7662342 42.51948
474 4.7532463 45.532467
475 4.7610393 41.116882
476 5.735065 38.402596
477 4.04935 42.55844
478 5.602598 39.701298
479 4.6337667 44.064934
480 4.568831 42.44156
481 4.6337657 44.94805
482 4.558442 42.155846
483 4.16883 42.142857
484 4.8467536 39.363636
485 4.5948057 42.48052
486 5.2831173 39.597404
487 4.184415 41.79221
488 4.7064934 39.77922
489 5.454546 40.090908
490 4.4935064 40.896103
491 4.3584414 40.66234
492 4.067532 43.44156
493 5.8259745 33.194805
494 4.5636363 47.688313
495 5.2389607 42.077923
496 4.093507 43.688313
497 5.1142855 39.727272
498 5.742859 37.623375
499 4.135065 48.55844
500 4.7480526 43.766235
1 4.5194807 45.0
2 4.589611 43.94805
3 5.025974 43.987015
4 4.550649 47.194805
5 3.7740264 48.415585
6 4.9506493 42.103897
7 5.0909085 48.714287
8 4.496103 45.194805
9 3.8337655 47.87013
10 5.244155 47.44156
11 4.3324676 44.87013
12 5.78961 37.83117
13 3.7584414 45.636364
14 3.737662 47.493507
15 4.0103903 43.16883
16 5.192208 41.376625
17 4.875325 44.74026
18 3.9324675 45.987015
19 4.740259 50.285713
20 4.9012985 43.363636
21 4.1220775 43.64935
22 3.7740264 44.116882
23 4.9636364 44.090908
24 4.4675326 46.48052
25 4.0285716 45.909092
26 4.496104 48.233765
27 4.5454545 47.532467
28 5.0987015 47.16883
29 5.5376616 40.61039
30 4.7090907 41.66234
31 4.6623383 44.506493
32 4.659741 45.025974
33 4.3194804 47.79221
34 5.0051947 45.376625
35 5.0727267 40.35065
36 4.8805194 40.766235
37 4.0623384 48.753246
38 4.046753 42.753246
39 3.7090907 47.701298
40 4.4337664 44.116882
41 5.742857 40.896103
42 4.122078 46.025974
43 5.114286 41.298702
44 5.018182 38.584415
45 3.1506495 47.103897
46 5.644156 37.272728
47 3.9428575 44.94805
48 4.179221 41.675323
49 3.784415 48.688313
50 4.0935063 43.81818
51 4.548052 46.675323
52 3.880519 45.883118
53 4.2077923 43.922077
54 4.714286 44.05195
55 4.955844 44.35065
56 3.5064936 48.077923
57 4.0805206 47.285713
58 5.3948054 39.96104
59 4.1688313 47.18182
60 4.311689 40.142857
61 3.0363636 45.79221
62 4.0597405 42.376625
63 4.4519486 41.35065
64 4.88052 46.16883
65 4.342857 44.103897
66 4.17922 46.376625
67 4.264936 44.402596
68 4.911688 46.753246
69 4.4155836 47.363636
70 4.2207794 44.090908
71 3.922078 43.584415
72 5.4831176 37.285713
73 3.524675 46.285713
74 3.911688 46.675323
75 3.1480525 44.974026
76 4.189611 44.987015
77 4.350649 47.805195
78 4.7766237 46.766235
79 3.5376618 45.0
80 5.15065 41.454544
81 4.7844157 49.922077
82 4.4701295 43.064934
83 3.8961039 44.77922
84 4.511688 46.987015
85 4.9558444 47.714287
86 4.1844153 42.64935
87 4.797403 42.77922
88 3.696104 48.467533
89 4.5324674 46.81818
90 4.8129873 41.025974
91 5.119481 44.66234
92 5.148052 43.35065
93 4.58961 49.090908
94 4.641559 41.090908
95 4.0233765 41.376625
96 4.4961042 44.116882
97 3.7220771 45.81818
98 4.61039 43.298702
99 5.254546 42.402596
100 4.4701304 43.987015
101 4.5870137 46.714287
102 5.11948 39.64935
103 4.4649343 43.727272
104 4.194804 45.83117
105 4.4389606 48.077923
106 3.9480526 45.42857
107 4.566234 42.844154
108 4.192208 47.51948
109 4.651948 44.688313
110 5.1116886 45.03896
111 3.8623376 49.233765
112 4.589611 48.66234
113 4.296104 47.363636
114 4.27013 43.25974
115 4.597403 46.61039
116 3.8935063 44.272728
117 4.096104 44.79221
118 4.61039 44.636364
119 4.135065 46.363636
120 4.29091 44.142857
121 4.348052 44.57143
122 4.4337654 42.25974
123 5.1844163 48.194805
124 3.2805192 49.064934
125 5.077922 43.285713
126 4.2857137 45.805195
127 4.454545 42.753246
128 3.9532466 49.194805
129 4.994806 45.675323
130 4.0493517 41.51948
131 5.701298 43.064934
132 3.771428 45.324677
133 3.4389613 49.272728
134 4.724675 43.532467
135 4.8701296 45.103897
136 5.075325 41.623375
137 4.0077925 44.090908
138 4.392208 37.18182
139 3.9584417 44.675323
140 4.9636364 44.298702
141 4.91948 48.584415
142 4.992208 44.883118
143 4.21039 45.66234
144 4.085714 46.727272
145 4.8623376 44.623375
146 3.7714286 50.376625
147 4.477923 43.311687
148 4.363637 43.96104
149 4.6337667 47.48052
150 4.1792207 46.883118
151 4.651948 42.35065
152 5.062337 44.116882
153 4.057143 41.74026
154 4.5662336 45.987015
155 4.332467 46.25974
156 4.129871 40.857143
157 4.7766232 42.298702
158 3.5714285 48.33766
159 4.101299 49.35065
160 4.6311684 46.545456
161 4.5896096 42.597404
162 3.8441556 46.81818
163 3.768831 47.584415
164 4.5948052 40.20779
165 4.132468 46.38961
166 3.948052 44.844154
167 4.2259746 42.35065
168 4.3792214 46.116882
169 3.6025977 48.545456
170 4.566234 47.896103
171 3.5999997 49.12987
172 4.7324677 45.077923
173 3.854546 48.012985
174 3.7714288 46.155846
175 3.9428573 46.857143
176 4.6857147 43.42857
177 4.493507 44.896103
178 5.0571437 44.298702
179 4.322077 46.311687
180 4.509091 40.272728
181 4.771428 40.0
182 4.698701 41.688313
183 4.696103 46.467533
184 4.9142857 40.55844
185 3.335065 46.636364
186 4.748052 44.33766
187 4.4337664 47.272728
188 4.0675325 48.16883
189 4.0753245 45.16883
190 4.859739 39.714287
191 4.563637 48.090908
192 4.337663 45.883118
193 4.5064936 44.090908
194 4.631169 48.155846
195 4.2701297 45.688313
196 4.9896097 42.03896
197 3.9194808 49.584415
198 4.3922076 49.597404
199 4.690909 43.974026
200 4.7194796 41.896103
201 4.007792 45.766235
202 3.8077924 47.688313
203 4.535064 41.38961
204 3.966234 43.55844
205 4.6779222 39.94805
206 4.636364 42.467533
207 5.415584 44.363636
208 5.0259743 41.987015
209 4.5662346 41.896103
210 4.950649 41.38961
211 4.2311683 43.155846
212 4.636363 41.25974
213 4.9142857 43.363636
214 3.7870135 45.20779
215 4.384416 42.597404
216 2.9662342 47.74026
217 4.2935066 43.025974
218 3.709091 47.766235
219 4.137662 49.116882
220 4.6467533 48.103897
221 3.888312 48.532467
222 4.5558443 43.584415
223 4.0181823 46.272728
224 4.114286 39.857143
225 3.693506 47.03896
226 4.1272726 49.857143
227 4.316883 46.233765
228 4.8779225 43.57143
229 4.1506486 44.103897
230 4.553247 44.38961
231 4.236364 48.246754
232 5.132468 45.805195
233 4.280519 43.16883
234 4.324675 42.974026
235 4.083117 42.545456
236 4.971428 40.25974
237 5.4233766 44.38961
238 4.298701 49.636364
239 3.862338 48.194805
240 4.4025965 44.142857
241 4.654546 43.922077
242 4.1012993 45.506493
243 4.298701 41.81818
244 4.020779 47.922077
245 3.763637 44.025974
246 4.968832 42.16883
247 4.5844154 48.55844
248 4.966233 38.16883
249 4.2701306 47.545456
250 3.5584416 47.012985
251 3.9974024 46.415585
252 3.8805194 43.012985
253 4.332468 48.506493
254 4.7012987 47.298702
255 5.0051956 44.96104
256 4.293507 38.87013
257 3.8597405 44.64935
258 3.6805198 46.48052
259 4.1766243 48.272728
260 3.8935068 43.714287
261 3.8363636 43.51948
262 3.3610387 45.33766
263 4.457143 48.545456
264 5.3740263 41.415585
265 5.4467545 43.194805
266 3.9584417 46.467533
267 5.15844 41.57143
268 4.3454547 44.94805
269 4.077922 47.311687
270 4.155844 47.79221
271 4.6805196 43.87013
272 3.568831 50.55844
273 4.4727273 43.857143
274 4.4493494 41.727272
275 4.0051947 43.233765
276 5.657142 45.05195
277 5.2363644 41.94805
278 3.922078 47.493507
279 4.9090905 43.57143
280 5.0753245 40.48052
281 4.812987 41.81818
282 4.397403 48.311687
283 4.6805196 46.090908
284 3.025974 49.311687
285 5.3142858 44.79221
286 5.2155843 46.61039
287 3.987013 46.233765
288 4.922078 43.584415
289 4.2311683 48.753246
290 4.244156 42.16883
291 4.896104 44.974026
292 5.5194798 43.025974
293 3.807792 46.51948
294 4.2545457 43.44156
295 4.5194807 45.116882
296 3.6753242 48.33766
297 5.0519485 45.714287
298 4.3272734 47.714287
299 4.2675323 40.116882
300 5.4961042 43.0
301 3.8675327 48.103897
302 4.6311684 44.42857
303 4.597403 43.844154
304 4.0025973 45.81818
305 5.1922083 42.844154
306 3.911688 45.857143
307 3.9272726 40.077923
308 4.657143 46.727272
309 4.4935055 47.324677
310 4.654545 45.987015
311 4.6181817 45.0
312 5.054546 42.909092
313 4.441559 45.94805
314 4.3402596 46.909092
315 4.3896103 48.714287
316 4.87013 43.103897
317 5.353247 46.83117
318 4.002597 45.18182
319 4.098701 40.987015
320 4.7844157 37.857143
321 4.8077917 42.623375
322 3.7012992 45.987015
323 4.0961037 46.64935
324 4.410389 45.727272
325 4.4337664 46.857143
326 4.205195 46.142857
327 4.0779214 43.857143
328 4.1714287 46.090908
329 3.2103894 46.974026
330 4.6363635 44.636364
331 4.3376627 44.857143
332 4.618182 44.42857
333 4.407792 44.20779
334 4.7740254 43.701298
335 3.9870133 45.83117
336 4.2155843 45.701298
337 3.8259737 45.311687
338 4.3298697 43.896103
339 3.966234 44.376625
340 4.5688305 40.974026
341 5.0415583 44.532467
342 4.093507 44.753246
343 5.309091 41.467533
344 5.0337653 43.48052
345 4.61039 49.506493
346 4.462338 42.142857
347 4.657142 49.636364
348 4.506494 44.87013
349 4.3194804 43.74026
350 5.433767 42.12987
351 5.2259736 45.298702
352 4.8935065 43.753246
353 4.3454547 51.77922
354 4.3194804 47.688313
355 4.9922085 45.415585
356 4.2597404 43.376625
357 3.6207795 45.38961
358 3.9012985 44.376625
359 4.47013 42.51948
360 4.651949 44.909092
361 5.3792205 45.311687
362 3.7402606 44.103897
363 4.3532467 45.064934
364 4.355844 45.714287
365 4.2857146 43.42857
366 3.174026 46.96104
367 4.6857142 45.545456
368 4.542857 44.25974
369 4.9324675 47.35065
370 4.189611 44.857143
371 4.238961 45.623375
372 4.618182 45.51948
373 4.683117 40.012985
374 4.18961 48.25974
375 4.155844 42.194805
376 5.2545447 41.896103
377 3.9142861 45.74026
378 4.2337656 45.805195
379 4.2727275 48.376625
380 4.4311695 41.246754
381 4.667533 43.025974
382 5.1220784 45.42857
383 5.2415586 46.233765
384 4.6545453 41.48052
385 4.2623377 41.532467
386 5.192208 44.74026
387 3.8675332 49.675323
388 4.8597403 41.532467
389 4.9012985 45.0
390 4.174026 41.493507
391 4.2727275 44.974026
392 4.651948 46.285713
393 5.025974 43.94805
394 5.529869 34.987015
395 4.7610393 44.18182
396 4.3142853 44.714287
397 5.033767 49.233765
398 4.87013 42.883118
399 4.5844154 39.25974
400 4.7558436 43.61039
401 4.5350647 38.766235
402 4.7194805 40.025974
403 4.3688316 43.376625
404 3.9402602 45.33766
405 4.7558436 44.81818
406 4.9350653 46.20779
407 3.823377 47.727272
408 3.7870126 44.233765
409 4.2363634 44.987015
410 4.677922 47.94805
411 4.8909087 42.584415
412 4.7246747 43.116882
413 4.683117 43.38961
414 5.290909 45.467533
415 5.2467537 46.20779
416 4.883117 39.597404
417 4.654546 41.64935
418 4.0025973 46.077923
419 4.748052 43.35065
420 4.7688303 40.22078
421 4.8025975 41.38961
422 3.2285712 46.467533
423 4.7454543 41.805195
424 4.574026 46.74026
425 4.145455 47.64935
426 3.7999997 45.0
427 4.6805196 38.935066
428 4.0649343 46.33766
429 4.833766 40.974026
430 4.35065 48.506493
431 4.4337664 42.81818
432 3.872727 43.974026
433 3.8597395 47.272728
434 4.535065 45.83117
435 5.846753 43.79221
436 4.1220775 47.896103
437 4.880519 41.909092
438 5.2233763 43.545456
439 4.488312 44.402596
440 4.877922 43.22078
441 4.5636363 36.55844
442 4.212987 45.57143
443 4.096104 43.12987
444 5.025974 39.701298
445 4.706494 44.909092
446 3.3870127 46.584415
447 4.1376624 40.16883
448 3.3870127 45.584415
449 3.618182 46.38961
450 4.509091 46.51948
451 5.0233765 45.22078
452 3.8077927 45.87013
453 3.8727274 51.81818
454 3.9999993 44.532467
455 5.4207788 45.675323
456 5.0077925 42.077923
457 4.244156 43.805195
458 4.6337657 42.376625
459 4.527272 40.94805
460 4.2675323 44.454544
461 4.6805196 46.454544
462 3.5454545 45.16883
463 4.0753245 46.844154
464 4.7428575 46.74026
465 3.9298701 49.57143
466 4.1974025 45.766235
467 4.3844147 43.116882
468 3.6493502 44.844154
469 4.220779 45.20779
470 4.6935062 41.506493
471 4.3506494 45.493507
472 4.6467533 41.94805
473 3.550649 49.18182
474 4.428571 44.012985
475 5.202598 40.194805
476 5.202597 43.753246
477 3.7688313 50.545456
478 3.550649 43.51948
479 5.4129863 46.545456
480 3.979221 47.194805
481 4.6259737 46.584415
482 4.979221 42.81818
483 4.8805184 42.909092
484 3.6805193 44.402596
485 4.005194 46.77922
486 4.451947 46.064934
487 4.5818186 42.57143
488 4.225974 45.64935
489 4.4519477 44.48052
490 4.6727276 42.896103
491 3.4753249 50.493507
492 4.4571433 47.272728
493 4.6935062 45.311687
494 3.6285713 49.64935
495 5.358442 42.974026
496 4.4129868 44.922077
497 4.2909093 43.727272
498 3.9194798 49.363636
499 5.241559 44.116882
500 4.3870134 40.35065
